(0, 0, 0) : (3, 0, 2)
(0, 0, 0) : (3, 0, 2)
(0, 0, 0) : (3, 0, 2)
(1, 1, 1) : (4, 0, 1)
(1, 1, 1) : (2, 0, 1)
(2, 2, 2) : (3, 1, 2)
(2, 2, 2) : (3, 1, 2)
(2, 2, 2) : (3, 1, 2)
(4, 4, 4) : (5, 4, 2)
(4, 4, 4) : (4, 4, 2)
(4, 4, 4) : (4, 4, 2)
(5, 5, 5) : (5, 5, 3)
(5, 5, 5) : (5, 5, 3)
(6, 6, 6) : (6, 6, 4)
(6, 6, 6) : (6, 7, 2)
(6, 6, 6) : (6, 7, 2)
(6, 6, 6) : (3, 8, 4)
(6, 6, 6) : (3, 8, 4)
(7, 7, 7) : (4, 9, 5)
(7, 7, 7) : (4, 9, 5)
(7, 7, 7) : (4, 9, 3)
(8, 8, 8) : (5, 10, 4)
(8, 8, 8) : (5, 10, 4)
(8, 8, 8) : (4, 11, 4)
(8, 8, 8) : (3, 10, 3)
(8, 8, 8) : (3, 10, 2)
(8, 8, 8) : (3, 10, 2)
(9, 9, 9) : (2, 12, 3)
(9, 9, 9) : (2, 12, 3)
(10, 10, 10) : (2, 12, 3)
(10, 10, 10) : (3, 13, 4)
(10, 10, 10) : (3, 13, 4)
(9, 9, 9) : (32, 0, 2)
(9, 9, 9) : (32, 0, 2)
(9, 9, 9) : (32, 0, 2)
(10, 10, 10) : (32, 0, 3)
(10, 10, 10) : (32, 0, 3)
(11, 11, 11) : (33, 0, 2)
(11, 11, 11) : (33, 0, 2)
(11, 11, 11) : (33, 0, 2)
(11, 11, 11) : (34, 2, 5)
(11, 11, 11) : (34, 2, 3)
(11, 11, 11) : (34, 2, 3)
(12, 12, 12) : (35, 3, 4)
(12, 12, 12) : (35, 3, 4)
(12, 12, 12) : (35, 5, 5)
(13, 13, 13) : (35, 5, 5)
(13, 13, 13) : (35, 5, 5)
(15, 15, 15) : (36, 7, 0)
(15, 15, 15) : (36, 7, 0)
(15, 15, 15) : (36, 7, 0)
(16, 16, 16) : (37, 8, 0)
(16, 16, 16) : (37, 8, 0)
(16, 16, 16) : (37, 9, 0)
(17, 17, 17) : (37, 10, 0)
(17, 17, 17) : (37, 10, 0)
(16, 16, 16) : (37, 10, 0)
(16, 16, 16) : (37, 10, 0)
(16, 16, 16) : (38, 12, 0)
(17, 17, 17) : (36, 13, 0)
(17, 17, 17) : (36, 13, 0)
(18, 18, 18) : (37, 14, 0)
(18, 18, 18) : (37, 14, 0)
(18, 18, 18) : (37, 14, 0)
(21, 21, 21) : (43, 15, 0)
(21, 21, 21) : (42, 15, 0)
(21, 21, 21) : (43, 16, 0)
(22, 22, 22) : (43, 16, 0)
(22, 22, 22) : (43, 16, 0)
(23, 23, 23) : (44, 17, 0)
(23, 23, 23) : (44, 17, 0)
(23, 23, 23) : (43, 19, 0)
(23, 23, 23) : (42, 18, 0)
(23, 23, 23) : (42, 18, 0)
(23, 23, 23) : (42, 18, 0)
(24, 24, 24) : (42, 18, 0)
(24, 24, 24) : (41, 20, 0)
(25, 25, 25) : (41, 20, 0)
(25, 25, 25) : (42, 21, 0)
(25, 25, 25) : (42, 21, 0)
(25, 25, 25) : (41, 22, 0)
(25, 25, 25) : (41, 22, 0)
(25, 25, 25) : (41, 22, 0)
(26, 26, 26) : (42, 23, 0)
(26, 26, 26) : (42, 23, 0)
(27, 27, 27) : (43, 24, 0)
(27, 27, 27) : (42, 24, 0)
(27, 27, 27) : (42, 24, 0)
(28, 28, 28) : (44, 26, 0)
(28, 28, 28) : (44, 26, 0)
(28, 28, 28) : (42, 27, 0)
(29, 29, 29) : (43, 27, 0)
(29, 29, 29) : (43, 27, 0)
(30, 30, 30) : (44, 28, 0)
(30, 30, 30) : (44, 28, 0)
(30, 30, 30) : (44, 28, 0)
(27, 27, 27) : (66, 16, 0)
(28, 28, 28) : (67, 17, 0)
(28, 28, 28) : (67, 17, 0)
(28, 28, 28) : (67, 17, 0)
(29, 29, 29) : (68, 18, 0)
(29, 29, 29) : (67, 19, 0)
(29, 29, 29) : (67, 19, 0)
(30, 30, 30) : (68, 20, 0)
(34, 34, 34) : (69, 21, 0)
(34, 34, 34) : (67, 22, 0)
(34, 34, 34) : (67, 22, 0)
(34, 34, 34) : (68, 23, 0)
(35, 35, 35) : (68, 23, 0)
(35, 35, 35) : (68, 23, 0)
(35, 35, 35) : (69, 24, 0)
(36, 36, 36) : (69, 24, 0)
(35, 35, 35) : (89, 14, 0)
(35, 35, 35) : (89, 14, 0)
(36, 36, 36) : (88, 14, 0)
(36, 36, 36) : (89, 15, 0)
(37, 37, 37) : (89, 15, 0)
(37, 37, 37) : (89, 16, 0)
(37, 37, 37) : (90, 17, 0)
(37, 37, 37) : (90, 17, 0)
(37, 37, 37) : (89, 18, 0)
(37, 37, 37) : (90, 19, 0)
(37, 37, 37) : (90, 20, 0)
(37, 37, 37) : (90, 20, 0)
(38, 38, 38) : (91, 21, 0)
(38, 38, 38) : (90, 22, 0)
(38, 38, 38) : (90, 22, 0)
(39, 39, 39) : (91, 23, 0)
(39, 39, 39) : (90, 20, 0)
(39, 39, 39) : (90, 20, 0)
(40, 40, 40) : (90, 20, 0)
(40, 40, 40) : (89, 21, 0)
(41, 41, 41) : (90, 22, 0)
(41, 41, 41) : (90, 22, 0)
(41, 41, 41) : (91, 23, 0)
(41, 41, 41) : (91, 23, 0)
(39, 39, 39) : (91, 26, 0)
(40, 40, 40) : (91, 26, 0)
(40, 40, 40) : (91, 26, 0)
(40, 40, 40) : (91, 26, 0)
(41, 41, 41) : (92, 27, 0)
(41, 41, 41) : (92, 27, 0)
(41, 41, 41) : (92, 29, 0)
(42, 42, 42) : (92, 29, 0)
(43, 43, 43) : (93, 31, 0)
(44, 44, 44) : (93, 31, 0)
(44, 44, 44) : (93, 31, 0)
(45, 45, 45) : (94, 32, 0)
(46, 46, 46) : (95, 33, 0)
(47, 47, 47) : (96, 34, 0)
(47, 47, 47) : (96, 34, 0)
(48, 48, 48) : (96, 36, 0)
(46, 46, 46) : (92, 32, 0)
(46, 46, 46) : (92, 32, 0)
(47, 47, 47) : (92, 32, 0)
(47, 47, 47) : (90, 33, 0)
(47, 47, 47) : (91, 34, 0)
(48, 48, 48) : (91, 34, 0)
(48, 48, 48) : (91, 34, 0)
(48, 48, 48) : (92, 35, 0)
(47, 47, 47) : (106, 28, 0)
(48, 48, 48) : (106, 28, 0)
(48, 48, 48) : (107, 29, 0)
(48, 48, 48) : (107, 29, 0)
(49, 49, 49) : (107, 31, 0)
(49, 49, 49) : (107, 31, 0)
(49, 49, 49) : (107, 31, 0)
(49, 49, 49) : (107, 31, 0)
(52, 52, 52) : (109, 33, 0)
(53, 53, 53) : (107, 34, 0)
(53, 53, 53) : (108, 35, 0)
(53, 53, 53) : (108, 35, 0)
(54, 54, 54) : (108, 35, 0)
(54, 54, 54) : (109, 36, 0)
(54, 54, 54) : (109, 36, 0)
(54, 54, 54) : (108, 38, 0)
(49, 49, 49) : (113, 29, 0)
(49, 49, 49) : (114, 30, 0)
(50, 50, 50) : (114, 30, 0)
(50, 50, 50) : (114, 30, 0)
(51, 51, 51) : (115, 31, 0)
(51, 51, 51) : (115, 31, 0)
(51, 51, 51) : (115, 31, 0)
(51, 51, 51) : (114, 32, 0)
(53, 53, 53) : (116, 34, 0)
(53, 53, 53) : (117, 35, 0)
(54, 54, 54) : (117, 35, 0)
(54, 54, 54) : (117, 35, 0)
(54, 54, 54) : (116, 37, 0)
(55, 55, 55) : (116, 37, 0)
(55, 55, 55) : (116, 37, 0)
(55, 55, 55) : (116, 37, 0)
(56, 56, 56) : (130, 32, 0)
(56, 56, 56) : (130, 32, 0)
(57, 57, 57) : (131, 33, 0)
(57, 57, 57) : (131, 33, 0)
(57, 57, 57) : (132, 34, 0)
(58, 58, 58) : (132, 34, 0)
(58, 58, 58) : (132, 34, 0)
(58, 58, 58) : (131, 35, 0)
(61, 61, 61) : (132, 36, 0)
(61, 61, 61) : (132, 36, 0)
(62, 62, 62) : (132, 36, 0)
(62, 62, 62) : (132, 36, 0)
(62, 62, 62) : (131, 38, 0)
(63, 63, 63) : (131, 38, 0)
(63, 63, 63) : (131, 38, 0)
(63, 63, 63) : (132, 39, 0)
(60, 60, 60) : (132, 39, 0)
(60, 60, 60) : (132, 39, 0)
(61, 61, 61) : (133, 40, 0)
(61, 61, 61) : (133, 40, 0)
(61, 61, 61) : (134, 41, 0)
(62, 62, 62) : (134, 41, 0)
(62, 62, 62) : (133, 42, 0)
(62, 62, 62) : (133, 42, 0)
(63, 63, 63) : (131, 40, 0)
(63, 63, 63) : (132, 41, 0)
(63, 63, 63) : (130, 42, 0)
(64, 64, 64) : (130, 42, 0)
(64, 64, 64) : (131, 43, 0)
(64, 64, 64) : (131, 43, 0)
(65, 65, 65) : (131, 43, 0)
(65, 65, 65) : (131, 43, 0)
(67, 67, 67) : (146, 39, 0)
(67, 67, 67) : (146, 39, 0)
(67, 67, 67) : (146, 41, 0)
(68, 68, 68) : (146, 41, 0)
(68, 68, 68) : (146, 41, 0)
(68, 68, 68) : (147, 42, 0)
(69, 69, 69) : (147, 42, 0)
(69, 69, 69) : (147, 42, 0)
(70, 70, 70) : (148, 45, 0)
(70, 70, 70) : (148, 45, 0)
(71, 71, 71) : (149, 47, 0)
(71, 71, 71) : (149, 47, 0)
(71, 71, 71) : (149, 47, 0)
(72, 72, 72) : (148, 48, 0)
(72, 72, 72) : (148, 48, 0)
(72, 72, 72) : (148, 48, 0)
(74, 74, 74) : (149, 48, 0)
(74, 74, 74) : (150, 49, 0)
(74, 74, 74) : (150, 49, 0)
(75, 75, 75) : (150, 49, 0)
(75, 75, 75) : (151, 50, 0)
(76, 76, 76) : (151, 50, 0)
(76, 76, 76) : (149, 51, 0)
(76, 76, 76) : (150, 52, 0)
(76, 76, 76) : (150, 52, 0)
(76, 76, 76) : (150, 52, 0)
(76, 76, 76) : (151, 53, 0)
(77, 77, 77) : (150, 54, 0)
(77, 77, 77) : (151, 55, 0)
(78, 78, 78) : (151, 55, 0)
(78, 78, 78) : (151, 55, 0)
(0, 0, 0) : (3, 0, 2)
(0, 0, 0) : (3, 0, 2)
(0, 0, 0) : (3, 0, 2)
(1, 1, 1) : (4, 0, 1)
(1, 1, 1) : (2, 0, 1)
(2, 2, 2) : (3, 1, 2)
(2, 2, 2) : (3, 1, 2)
(2, 2, 2) : (3, 1, 2)
(2, 2, 2) : (3, 2, 0)
(3, 3, 3) : (3, 3, 1)
(3, 3, 3) : (3, 3, 1)
(3, 3, 3) : (3, 3, 1)
(4, 4, 4) : (4, 4, 2)
(4, 4, 4) : (4, 4, 2)
(4, 4, 4) : (4, 4, 2)
(4, 4, 4) : (4, 4, 2)
(9, 9, 9) : (8, 10, 7)
(9, 9, 9) : (8, 10, 7)
(10, 10, 10) : (8, 10, 7)
(10, 10, 10) : (9, 11, 8)
(10, 10, 10) : (7, 12, 8)
(11, 11, 11) : (7, 12, 8)
(11, 11, 11) : (8, 13, 7)
(11, 11, 11) : (8, 13, 7)
(16, 16, 16) : (12, 17, 11)
(16, 16, 16) : (11, 18, 11)
(16, 16, 16) : (11, 18, 11)
(16, 16, 16) : (12, 19, 11)
(17, 17, 17) : (12, 19, 11)
(17, 17, 17) : (13, 20, 12)
(18, 18, 18) : (13, 20, 12)
(18, 18, 18) : (13, 20, 12)
(24, 24, 24) : (30, 20, 19)
(25, 25, 25) : (30, 20, 19)
(25, 25, 25) : (30, 20, 19)
(25, 25, 25) : (30, 20, 19)
(26, 26, 26) : (31, 21, 19)
(26, 26, 26) : (31, 21, 19)
(26, 26, 26) : (32, 22, 20)
(26, 26, 26) : (32, 22, 20)
(27, 27, 27) : (31, 23, 20)
(27, 27, 27) : (31, 24, 18)
(27, 27, 27) : (31, 24, 18)
(28, 28, 28) : (32, 25, 19)
(28, 28, 28) : (32, 25, 19)
(29, 29, 29) : (30, 25, 19)
(29, 29, 29) : (31, 26, 20)
(29, 29, 29) : (31, 26, 20)
(30, 30, 30) : (34, 27, 17)
(30, 30, 30) : (34, 27, 17)
(30, 30, 30) : (33, 29, 18)
(30, 30, 30) : (33, 29, 17)
(31, 31, 31) : (34, 30, 18)
(31, 31, 31) : (34, 30, 18)
(31, 31, 31) : (34, 30, 18)
(32, 32, 32) : (34, 30, 18)
(35, 35, 35) : (38, 36, 23)
(35, 35, 35) : (38, 36, 21)
(36, 36, 36) : (38, 36, 21)
(36, 36, 36) : (39, 37, 22)
(37, 37, 37) : (39, 37, 22)
(37, 37, 37) : (39, 37, 22)
(37, 37, 37) : (40, 38, 23)
(37, 37, 37) : (40, 38, 23)
(37, 37, 37) : (43, 38, 18)
(38, 38, 38) : (43, 38, 18)
(38, 38, 38) : (44, 39, 19)
(38, 38, 38) : (44, 39, 19)
(39, 39, 39) : (44, 39, 19)
(39, 39, 39) : (43, 41, 18)
(39, 39, 39) : (43, 41, 18)
(40, 40, 40) : (43, 41, 18)
(42, 42, 42) : (47, 45, 22)
(42, 42, 42) : (47, 45, 22)
(43, 43, 43) : (47, 47, 21)
(43, 43, 43) : (47, 47, 21)
(43, 43, 43) : (48, 48, 22)
(44, 44, 44) : (48, 48, 22)
(44, 44, 44) : (48, 48, 22)
(44, 44, 44) : (48, 48, 22)
(51, 51, 51) : (52, 51, 33)
(51, 51, 51) : (52, 51, 33)
(51, 51, 51) : (52, 51, 33)
(51, 51, 51) : (53, 52, 34)
(52, 52, 52) : (53, 52, 34)
(52, 52, 52) : (53, 51, 36)
(53, 53, 53) : (52, 53, 37)
(53, 53, 53) : (52, 53, 37)
(52, 52, 52) : (52, 53, 39)
(52, 52, 52) : (52, 53, 39)
(53, 53, 53) : (53, 54, 40)
(53, 53, 53) : (52, 54, 40)
(53, 53, 53) : (52, 54, 41)
(54, 54, 54) : (53, 55, 42)
(54, 54, 54) : (53, 55, 42)
(54, 54, 54) : (53, 55, 42)
(58, 58, 58) : (60, 57, 38)
(58, 58, 58) : (61, 58, 39)
(58, 58, 58) : (61, 58, 39)
(58, 58, 58) : (61, 58, 39)
(59, 59, 59) : (62, 59, 40)
(59, 59, 59) : (62, 59, 40)
(60, 60, 60) : (62, 60, 39)
(60, 60, 60) : (62, 60, 39)
(62, 62, 62) : (66, 65, 44)
(62, 62, 62) : (66, 65, 44)
(62, 62, 62) : (67, 66, 45)
(62, 62, 62) : (67, 66, 45)
(63, 63, 63) : (68, 68, 44)
(63, 63, 63) : (66, 68, 44)
(64, 64, 64) : (66, 68, 44)
(64, 64, 64) : (66, 68, 44)
(63, 63, 63) : (74, 63, 45)
(63, 63, 63) : (75, 64, 46)
(63, 63, 63) : (75, 64, 46)
(64, 64, 64) : (75, 64, 46)
(64, 64, 64) : (76, 65, 45)
(64, 64, 64) : (74, 66, 45)
(65, 65, 65) : (74, 66, 45)
(65, 65, 65) : (74, 66, 45)
(71, 71, 71) : (78, 70, 49)
(71, 71, 71) : (78, 70, 47)
(72, 72, 72) : (78, 72, 48)
(72, 72, 72) : (78, 72, 48)
(72, 72, 72) : (78, 72, 48)
(73, 73, 73) : (79, 73, 49)
(73, 73, 73) : (79, 73, 49)
(73, 73, 73) : (79, 73, 49)
(76, 76, 76) : (85, 77, 54)
(76, 76, 76) : (84, 78, 54)
(76, 76, 76) : (84, 78, 54)
(77, 77, 77) : (85, 79, 55)
(77, 77, 77) : (85, 79, 55)
(78, 78, 78) : (85, 79, 55)
(78, 78, 78) : (86, 80, 56)
(78, 78, 78) : (86, 80, 54)
(83, 83, 83) : (85, 81, 54)
(83, 83, 83) : (85, 81, 54)
(83, 83, 83) : (86, 82, 55)
(83, 83, 83) : (86, 82, 55)
(84, 84, 84) : (86, 82, 53)
(84, 84, 84) : (87, 83, 54)
(84, 84, 84) : (85, 84, 54)
(85, 85, 85) : (85, 84, 54)
(84, 84, 84) : (86, 83, 50)
(84, 84, 84) : (87, 84, 51)
(85, 85, 85) : (87, 84, 51)
(85, 85, 85) : (86, 86, 52)
(86, 86, 86) : (87, 87, 53)
(87, 87, 87) : (88, 88, 54)
(88, 88, 88) : (88, 88, 52)
(88, 88, 88) : (89, 89, 53)
(89, 89, 89) : (94, 94, 58)
(89, 89, 89) : (93, 95, 58)
(89, 89, 89) : (94, 96, 59)
(90, 90, 90) : (94, 96, 59)
(90, 90, 90) : (95, 97, 58)
(90, 90, 90) : (95, 97, 58)
(91, 91, 91) : (95, 97, 58)
(91, 91, 91) : (95, 97, 58)
(98, 98, 98) : (106, 98, 61)
(98, 98, 98) : (106, 98, 61)
(99, 99, 99) : (107, 99, 62)
(99, 99, 99) : (107, 99, 62)
(99, 99, 99) : (105, 100, 62)
(100, 100, 100) : (106, 101, 63)
(100, 100, 100) : (106, 101, 63)
(100, 100, 100) : (106, 101, 61)
(100, 100, 100) : (107, 102, 62)
(101, 101, 101) : (106, 103, 62)
(101, 101, 101) : (106, 103, 62)
(101, 101, 101) : (106, 103, 62)
(102, 102, 102) : (107, 104, 61)
(102, 102, 102) : (107, 104, 61)
(102, 102, 102) : (108, 105, 62)
(102, 102, 102) : (108, 105, 62)
(109, 109, 109) : (116, 106, 70)
(109, 109, 109) : (116, 106, 70)
(109, 109, 109) : (117, 107, 71)
(110, 110, 110) : (117, 107, 71)
(110, 110, 110) : (117, 108, 69)
(110, 110, 110) : (118, 109, 70)
(111, 111, 111) : (118, 109, 70)
(111, 111, 111) : (117, 109, 70)
(111, 111, 111) : (118, 110, 71)
(111, 111, 111) : (118, 111, 69)
(112, 112, 112) : (118, 111, 69)
(112, 112, 112) : (118, 111, 69)
(112, 112, 112) : (117, 112, 70)
(113, 113, 113) : (117, 112, 70)
(113, 113, 113) : (118, 113, 71)
(113, 113, 113) : (118, 113, 71)
(112, 112, 112) : (122, 110, 70)
(112, 112, 112) : (122, 110, 70)
(112, 112, 112) : (123, 111, 71)
(113, 113, 113) : (123, 111, 71)
(113, 113, 113) : (121, 112, 71)
(114, 114, 114) : (122, 113, 72)
(114, 114, 114) : (122, 113, 72)
(114, 114, 114) : (122, 113, 70)
(115, 115, 115) : (128, 119, 76)
(115, 115, 115) : (127, 120, 76)
(116, 116, 116) : (127, 120, 76)
(116, 116, 116) : (127, 120, 76)
(116, 116, 116) : (128, 121, 75)
(117, 117, 117) : (128, 121, 75)
(117, 117, 117) : (128, 121, 75)
(117, 117, 117) : (129, 122, 76)
(123, 123, 123) : (132, 125, 81)
(123, 123, 123) : (133, 126, 82)
(124, 124, 124) : (133, 126, 82)
(124, 124, 124) : (133, 126, 82)
(125, 125, 125) : (134, 127, 81)
(125, 125, 125) : (132, 128, 81)
(125, 125, 125) : (132, 128, 81)
(125, 125, 125) : (133, 129, 82)
(130, 130, 130) : (138, 134, 87)
(130, 130, 130) : (138, 134, 87)
(130, 130, 130) : (137, 135, 86)
(131, 131, 131) : (138, 136, 87)
(131, 131, 131) : (138, 136, 87)
(132, 132, 132) : (139, 137, 88)
(132, 132, 132) : (139, 137, 88)
(132, 132, 132) : (139, 137, 88)
(134, 134, 134) : (148, 134, 95)
(134, 134, 134) : (148, 134, 95)
(134, 134, 134) : (148, 134, 95)
(135, 135, 135) : (148, 134, 95)
(135, 135, 135) : (149, 135, 96)
(136, 136, 136) : (149, 135, 96)
(136, 136, 136) : (148, 136, 96)
(136, 136, 136) : (149, 137, 97)
(138, 138, 138) : (149, 137, 95)
(139, 139, 139) : (149, 137, 95)
(139, 139, 139) : (149, 137, 95)
(139, 139, 139) : (148, 139, 96)
(140, 140, 140) : (148, 139, 96)
(140, 140, 140) : (149, 141, 95)
(140, 140, 140) : (149, 141, 95)
(140, 140, 140) : (149, 141, 95)
(143, 143, 143) : (155, 145, 96)
(143, 143, 143) : (155, 145, 96)
(143, 143, 143) : (155, 145, 96)
(144, 144, 144) : (155, 145, 96)
(144, 144, 144) : (154, 146, 97)
(145, 145, 145) : (154, 146, 97)
(145, 145, 145) : (154, 146, 97)
(145, 145, 145) : (155, 148, 96)
(145, 145, 145) : (156, 149, 97)
(145, 145, 145) : (156, 149, 97)
(145, 145, 145) : (156, 150, 98)
(146, 146, 146) : (156, 150, 98)
(146, 146, 146) : (156, 151, 96)
(147, 147, 147) : (157, 152, 97)
(147, 147, 147) : (157, 152, 97)
(0, 0, 0) : (3, 0, 2)
(0, 0, 0) : (3, 0, 2)
(0, 0, 0) : (3, 0, 0)
(1, 1, 1) : (2, 0, 1)
(1, 1, 1) : (2, 0, 1)
(2, 2, 2) : (3, 1, 2)
(2, 2, 2) : (3, 1, 2)
(2, 2, 2) : (3, 1, 2)
(3, 3, 3) : (4, 2, 3)
(3, 3, 3) : (4, 3, 1)
(4, 4, 4) : (4, 4, 2)
(4, 4, 4) : (4, 4, 2)
(5, 5, 5) : (5, 5, 3)
(5, 5, 5) : (5, 5, 3)
(5, 5, 5) : (5, 5, 3)
(5, 5, 5) : (5, 5, 3)
(3, 3, 3) : (3, 3, 3)
(3, 3, 3) : (3, 3, 3)
(4, 4, 4) : (3, 3, 3)
(4, 4, 4) : (2, 4, 3)
(4, 4, 4) : (3, 5, 4)
(5, 5, 5) : (3, 5, 4)
(5, 5, 5) : (4, 6, 3)
(5, 5, 5) : (4, 6, 3)
(1, 1, 1) : (0, 2, 0)
(1, 1, 1) : (0, 2, 0)
(2, 2, 2) : (0, 4, 0)
(2, 2, 2) : (0, 4, 0)
(2, 2, 2) : (0, 4, 0)
(3, 3, 3) : (0, 5, 0)
(3, 3, 3) : (0, 5, 0)
(3, 3, 3) : (0, 5, 0)
(0, 0, 0) : (0, 7, 0)
(0, 0, 0) : (0, 7, 0)
(1, 1, 1) : (0, 7, 0)
(1, 1, 1) : (0, 7, 0)
(1, 1, 1) : (0, 7, 0)
(2, 2, 2) : (0, 8, 0)
(2, 2, 2) : (0, 8, 0)
(2, 2, 2) : (0, 8, 0)
(4, 4, 4) : (0, 10, 0)
(4, 4, 4) : (0, 10, 0)
(5, 5, 5) : (0, 11, 0)
(5, 5, 5) : (0, 11, 0)
(5, 5, 5) : (0, 11, 0)
(6, 6, 6) : (0, 12, 0)
(6, 6, 6) : (0, 12, 0)
(6, 6, 6) : (0, 12, 0)
(8, 8, 8) : (0, 15, 2)
(8, 8, 8) : (0, 15, 2)
(8, 8, 8) : (0, 15, 2)
(9, 9, 9) : (0, 15, 2)
(9, 9, 9) : (0, 16, 3)
(9, 9, 9) : (0, 16, 3)
(10, 10, 10) : (0, 17, 4)
(10, 10, 10) : (0, 17, 4)
(7, 7, 7) : (0, 14, 0)
(7, 7, 7) : (0, 15, 0)
(7, 7, 7) : (0, 15, 0)
(8, 8, 8) : (0, 16, 1)
(8, 8, 8) : (0, 16, 1)
(8, 8, 8) : (0, 17, 2)
(9, 9, 9) : (0, 17, 2)
(9, 9, 9) : (0, 17, 2)
(9, 9, 9) : (0, 17, 0)
(9, 9, 9) : (0, 17, 0)
(9, 9, 9) : (0, 18, 0)
(10, 10, 10) : (0, 18, 0)
(10, 10, 10) : (0, 18, 0)
(11, 11, 11) : (0, 19, 1)
(11, 11, 11) : (0, 20, 1)
(11, 11, 11) : (0, 20, 0)
(8, 8, 8) : (0, 17, 0)
(9, 9, 9) : (0, 17, 0)
(9, 9, 9) : (0, 17, 0)
(9, 9, 9) : (0, 18, 0)
(10, 10, 10) : (0, 18, 0)
(10, 10, 10) : (0, 19, 0)
(10, 10, 10) : (0, 20, 0)
(10, 10, 10) : (0, 20, 0)
(6, 6, 6) : (0, 12, 9)
(6, 6, 6) : (0, 12, 9)
(7, 7, 7) : (0, 13, 10)
(7, 7, 7) : (0, 13, 10)
(8, 8, 8) : (0, 13, 10)
(8, 8, 8) : (0, 14, 12)
(8, 8, 8) : (0, 14, 12)
(8, 8, 8) : (0, 15, 12)
(9, 9, 9) : (0, 16, 13)
(9, 9, 9) : (0, 16, 16)
(9, 9, 9) : (0, 16, 16)
(10, 10, 10) : (0, 16, 16)
(10, 10, 10) : (0, 17, 19)
(11, 11, 11) : (0, 17, 19)
(11, 11, 11) : (0, 17, 19)
(11, 11, 11) : (0, 18, 20)
(15, 15, 15) : (0, 28, 17)
(15, 15, 15) : (0, 28, 17)
(16, 16, 16) : (0, 28, 17)
(16, 16, 16) : (0, 30, 18)
(16, 16, 16) : (0, 30, 18)
(17, 17, 17) : (0, 31, 19)
(17, 17, 17) : (0, 31, 19)
(17, 17, 17) : (0, 31, 19)
(19, 19, 19) : (0, 28, 14)
(19, 19, 19) : (0, 28, 14)
(20, 20, 20) : (0, 29, 14)
(20, 20, 20) : (0, 30, 15)
(21, 21, 21) : (0, 30, 15)
(21, 21, 21) : (0, 30, 15)
(21, 21, 21) : (0, 31, 16)
(21, 21, 21) : (0, 31, 16)
(23, 23, 23) : (0, 34, 19)
(23, 23, 23) : (0, 35, 19)
(23, 23, 23) : (0, 35, 19)
(23, 23, 23) : (0, 36, 20)
(24, 24, 24) : (0, 36, 18)
(24, 24, 24) : (0, 37, 19)
(24, 24, 24) : (0, 37, 19)
(25, 25, 25) : (0, 37, 19)
(17, 17, 17) : (0, 32, 14)
(17, 17, 17) : (0, 33, 14)
(17, 17, 17) : (0, 33, 14)
(18, 18, 18) : (0, 34, 13)
(18, 18, 18) : (0, 34, 13)
(18, 18, 18) : (0, 34, 13)
(19, 19, 19) : (0, 35, 14)
(19, 19, 19) : (0, 35, 14)
(20, 20, 20) : (0, 31, 13)
(20, 20, 20) : (0, 31, 13)
(21, 21, 21) : (0, 32, 14)
(21, 21, 21) : (0, 32, 14)
(22, 22, 22) : (0, 32, 14)
(22, 22, 22) : (0, 34, 15)
(22, 22, 22) : (0, 34, 15)
(22, 22, 22) : (0, 34, 13)
(20, 20, 20) : (0, 36, 15)
(20, 20, 20) : (0, 36, 15)
(20, 20, 20) : (0, 36, 15)
(21, 21, 21) : (0, 36, 15)
(21, 21, 21) : (0, 38, 16)
(21, 21, 21) : (0, 38, 16)
(22, 22, 22) : (0, 39, 17)
(22, 22, 22) : (0, 39, 15)
(21, 21, 21) : (0, 38, 17)
(21, 21, 21) : (0, 38, 17)
(22, 22, 22) : (0, 39, 18)
(22, 22, 22) : (0, 40, 19)
(23, 23, 23) : (0, 40, 19)
(24, 24, 24) : (0, 41, 20)
(25, 25, 25) : (0, 43, 21)
(25, 25, 25) : (0, 43, 19)
(25, 25, 25) : (0, 39, 15)
(25, 25, 25) : (0, 39, 15)
(26, 26, 26) : (0, 40, 16)
(26, 26, 26) : (0, 40, 16)
(27, 27, 27) : (0, 41, 17)
(27, 27, 27) : (0, 42, 17)
(27, 27, 27) : (0, 43, 15)
(27, 27, 27) : (0, 43, 15)
(21, 21, 21) : (0, 39, 11)
(21, 21, 21) : (0, 40, 12)
(21, 21, 21) : (0, 40, 12)
(22, 22, 22) : (0, 40, 12)
(22, 22, 22) : (0, 41, 13)
(22, 22, 22) : (0, 41, 13)
(23, 23, 23) : (0, 42, 12)
(23, 23, 23) : (0, 42, 12)
(23, 23, 23) : (0, 44, 14)
(23, 23, 23) : (0, 44, 14)
(23, 23, 23) : (0, 44, 14)
(24, 24, 24) : (0, 45, 15)
(24, 24, 24) : (0, 45, 15)
(25, 25, 25) : (0, 45, 15)
(25, 25, 25) : (0, 47, 14)
(25, 25, 25) : (0, 47, 14)
(23, 23, 23) : (0, 45, 2)
(23, 23, 23) : (0, 45, 2)
(24, 24, 24) : (0, 46, 3)
(24, 24, 24) : (0, 46, 1)
(25, 25, 25) : (0, 47, 1)
(25, 25, 25) : (0, 48, 2)
(25, 25, 25) : (0, 48, 2)
(25, 25, 25) : (0, 48, 2)
(27, 27, 27) : (0, 49, 3)
(27, 27, 27) : (0, 50, 4)
(27, 27, 27) : (0, 50, 3)
(27, 27, 27) : (0, 51, 3)
(28, 28, 28) : (0, 52, 4)
(28, 28, 28) : (0, 52, 4)
(29, 29, 29) : (0, 52, 4)
(29, 29, 29) : (0, 53, 5)
(29, 29, 29) : (0, 56, 6)
(29, 29, 29) : (0, 56, 6)
(29, 29, 29) : (0, 57, 7)
(29, 29, 29) : (0, 57, 7)
(30, 30, 30) : (0, 57, 7)
(30, 30, 30) : (0, 58, 8)
(31, 31, 31) : (0, 58, 7)
(31, 31, 31) : (0, 58, 7)
(33, 33, 33) : (0, 55, 4)
(33, 33, 33) : (0, 57, 5)
(33, 33, 33) : (0, 57, 5)
(33, 33, 33) : (0, 57, 5)
(34, 34, 34) : (0, 58, 6)
(34, 34, 34) : (0, 58, 4)
(34, 34, 34) : (0, 58, 4)
(35, 35, 35) : (0, 58, 4)
(28, 28, 28) : (0, 53, 2)
(28, 28, 28) : (0, 55, 3)
(29, 29, 29) : (0, 55, 3)
(29, 29, 29) : (0, 55, 3)
(29, 29, 29) : (0, 56, 4)
(30, 30, 30) : (0, 56, 4)
(30, 30, 30) : (0, 56, 4)
(30, 30, 30) : (0, 57, 5)
(30, 30, 30) : (0, 52, 0)
(30, 30, 30) : (0, 53, 0)
(30, 30, 30) : (0, 54, 0)
(31, 31, 31) : (0, 54, 0)
(31, 31, 31) : (0, 55, 0)
(32, 32, 32) : (0, 55, 0)
(32, 32, 32) : (0, 55, 0)
(32, 32, 32) : (0, 55, 0)
(34, 34, 34) : (0, 56, 17)
(34, 34, 34) : (0, 56, 17)
(34, 34, 34) : (0, 56, 17)
(35, 35, 35) : (0, 58, 18)
(35, 35, 35) : (0, 58, 18)
(36, 36, 36) : (0, 58, 18)
(36, 36, 36) : (0, 59, 19)
(36, 36, 36) : (0, 59, 17)
(34, 34, 34) : (0, 60, 18)
(34, 34, 34) : (0, 60, 18)
(34, 34, 34) : (0, 62, 19)
(35, 35, 35) : (0, 62, 19)
(35, 35, 35) : (0, 62, 19)
(35, 35, 35) : (0, 63, 20)
(36, 36, 36) : (0, 63, 20)
(36, 36, 36) : (0, 63, 18)
(36, 36, 36) : (0, 59, 17)
(36, 36, 36) : (0, 59, 17)
(37, 37, 37) : (0, 59, 17)
(37, 37, 37) : (0, 60, 18)
(37, 37, 37) : (0, 60, 18)
(38, 38, 38) : (0, 61, 18)
(38, 38, 38) : (0, 62, 19)
(38, 38, 38) : (0, 62, 17)
(38, 38, 38) : (0, 64, 19)
(39, 39, 39) : (0, 64, 19)
(39, 39, 39) : (0, 65, 20)
(39, 39, 39) : (0, 66, 20)
(40, 40, 40) : (0, 67, 21)
(40, 40, 40) : (0, 67, 21)
(40, 40, 40) : (0, 67, 21)
(0, 0, 0) : (3, 0, 0)
(0, 0, 0) : (3, 0, 0)
(0, 0, 0) : (1, 0, 0)
(1, 1, 1) : (2, 0, 1)
(1, 1, 1) : (2, 0, 1)
(2, 2, 2) : (3, 1, 2)
(2, 2, 2) : (3, 1, 2)
(2, 2, 2) : (3, 1, 2)
(6, 6, 6) : (7, 5, 6)
(6, 6, 6) : (7, 5, 6)
(7, 7, 7) : (8, 6, 7)
(7, 7, 7) : (8, 6, 7)
(7, 7, 7) : (8, 7, 5)
(8, 8, 8) : (9, 8, 6)
(8, 8, 8) : (9, 8, 6)
(8, 8, 8) : (9, 8, 6)
(15, 15, 15) : (15, 13, 16)
(15, 15, 15) : (15, 13, 16)
(15, 15, 15) : (16, 14, 17)
(16, 16, 16) : (16, 14, 17)
(16, 16, 16) : (16, 14, 17)
(16, 16, 16) : (17, 15, 18)
(17, 17, 17) : (16, 16, 18)
(17, 17, 17) : (16, 16, 16)
(25, 25, 25) : (25, 25, 25)
(25, 25, 25) : (26, 26, 26)
(25, 25, 25) : (26, 26, 26)
(26, 26, 26) : (26, 26, 26)
(26, 26, 26) : (27, 27, 27)
(27, 27, 27) : (27, 27, 27)
(27, 27, 27) : (27, 27, 27)
(27, 27, 27) : (27, 27, 27)
(31, 31, 31) : (9, 42, 33)
(31, 31, 31) : (9, 42, 33)
(31, 31, 31) : (9, 42, 33)
(32, 32, 32) : (9, 42, 33)
(32, 32, 32) : (10, 43, 34)
(33, 33, 33) : (10, 43, 34)
(33, 33, 33) : (8, 44, 34)
(33, 33, 33) : (9, 45, 35)
(36, 36, 36) : (12, 48, 38)
(36, 36, 36) : (12, 48, 38)
(36, 36, 36) : (13, 49, 39)
(37, 37, 37) : (13, 49, 39)
(37, 37, 37) : (13, 49, 37)
(38, 38, 38) : (14, 50, 38)
(38, 38, 38) : (14, 50, 38)
(38, 38, 38) : (14, 50, 38)
(43, 43, 43) : (19, 51, 48)
(43, 43, 43) : (19, 51, 48)
(43, 43, 43) : (20, 52, 49)
(44, 44, 44) : (20, 52, 49)
(44, 44, 44) : (21, 53, 50)
(45, 45, 45) : (21, 53, 50)
(45, 45, 45) : (21, 53, 50)
(45, 45, 45) : (21, 53, 48)
(50, 50, 50) : (27, 59, 54)
(51, 51, 51) : (27, 59, 54)
(51, 51, 51) : (26, 61, 55)
(51, 51, 51) : (26, 61, 55)
(52, 52, 52) : (26, 61, 55)
(52, 52, 52) : (27, 62, 56)
(52, 52, 52) : (27, 62, 56)
(53, 53, 53) : (27, 62, 56)
(56, 56, 56) : (35, 66, 61)
(56, 56, 56) : (35, 66, 61)
(57, 57, 57) : (35, 66, 61)
(57, 57, 57) : (35, 66, 61)
(57, 57, 57) : (36, 67, 62)
(58, 58, 58) : (36, 67, 61)
(58, 58, 58) : (36, 67, 61)
(58, 58, 58) : (37, 68, 62)
(69, 69, 69) : (46, 77, 71)
(69, 69, 69) : (45, 78, 71)
(69, 69, 69) : (45, 78, 71)
(70, 70, 70) : (46, 79, 72)
(70, 70, 70) : (46, 79, 72)
(70, 70, 70) : (46, 79, 72)
(71, 71, 71) : (47, 80, 73)
(71, 71, 71) : (47, 80, 73)
(74, 74, 74) : (54, 84, 76)
(74, 74, 74) : (54, 84, 76)
(75, 75, 75) : (53, 84, 76)
(75, 75, 75) : (53, 84, 76)
(75, 75, 75) : (54, 85, 77)
(76, 76, 76) : (54, 85, 79)
(76, 76, 76) : (55, 86, 80)
(76, 76, 76) : (55, 86, 80)
(80, 80, 80) : (59, 90, 84)
(80, 80, 80) : (59, 90, 85)
(81, 81, 81) : (59, 90, 85)
(81, 81, 81) : (60, 91, 86)
(81, 81, 81) : (60, 90, 88)
(82, 82, 82) : (61, 91, 89)
(82, 82, 82) : (60, 92, 89)
(82, 82, 82) : (60, 92, 89)
(86, 86, 86) : (48, 102, 89)
(86, 86, 86) : (49, 103, 90)
(87, 87, 87) : (49, 103, 90)
(87, 87, 87) : (49, 103, 90)
(87, 87, 87) : (50, 104, 91)
(88, 88, 88) : (50, 104, 91)
(88, 88, 88) : (50, 104, 91)
(88, 88, 88) : (51, 105, 91)
(92, 92, 92) : (55, 109, 95)
(92, 92, 92) : (53, 110, 95)
(92, 92, 92) : (54, 111, 96)
(93, 93, 93) : (54, 111, 96)
(93, 93, 93) : (54, 111, 96)
(94, 94, 94) : (55, 112, 97)
(94, 94, 94) : (55, 112, 97)
(94, 94, 94) : (55, 112, 97)
(99, 99, 99) : (48, 123, 103)
(99, 99, 99) : (49, 124, 104)
(100, 100, 100) : (49, 124, 104)
(100, 100, 100) : (49, 124, 104)
(100, 100, 100) : (50, 125, 105)
(101, 101, 101) : (50, 125, 105)
(101, 101, 101) : (50, 125, 105)
(101, 101, 101) : (51, 126, 106)
(113, 113, 113) : (60, 135, 115)
(113, 113, 113) : (60, 135, 115)
(113, 113, 113) : (61, 136, 116)
(114, 114, 114) : (61, 136, 116)
(114, 114, 114) : (60, 138, 116)
(115, 115, 115) : (60, 138, 116)
(115, 115, 115) : (60, 138, 116)
(115, 115, 115) : (60, 138, 116)
(118, 118, 118) : (67, 140, 123)
(118, 118, 118) : (67, 140, 123)
(118, 118, 118) : (68, 141, 124)
(119, 119, 119) : (68, 141, 124)
(119, 119, 119) : (68, 141, 124)
(120, 120, 120) : (69, 142, 125)
(120, 120, 120) : (69, 142, 125)
(120, 120, 120) : (68, 143, 123)
(124, 124, 124) : (72, 147, 127)
(124, 124, 124) : (73, 148, 128)
(124, 124, 124) : (73, 148, 128)
(125, 125, 125) : (73, 148, 128)
(125, 125, 125) : (74, 149, 129)
(125, 125, 125) : (74, 149, 129)
(126, 126, 126) : (74, 149, 129)
(126, 126, 126) : (74, 149, 129)
(128, 128, 128) : (79, 151, 139)
(129, 129, 129) : (79, 151, 139)
(129, 129, 129) : (80, 152, 140)
(130, 130, 130) : (80, 152, 140)
(131, 131, 131) : (81, 153, 141)
(132, 132, 132) : (82, 154, 142)
(132, 132, 132) : (82, 154, 142)
(133, 133, 133) : (83, 155, 143)
(135, 135, 135) : (85, 157, 145)
(135, 135, 135) : (85, 157, 145)
(136, 136, 136) : (85, 157, 145)
(136, 136, 136) : (84, 158, 145)
(136, 136, 136) : (85, 159, 144)
(137, 137, 137) : (85, 159, 144)
(137, 137, 137) : (85, 159, 144)
(137, 137, 137) : (86, 160, 145)
(149, 149, 149) : (89, 173, 157)
(149, 149, 149) : (89, 173, 157)
(149, 149, 149) : (89, 173, 157)
(150, 150, 150) : (90, 174, 158)
(150, 150, 150) : (90, 175, 156)
(151, 151, 151) : (89, 176, 157)
(151, 151, 151) : (89, 176, 157)
(151, 151, 151) : (89, 176, 157)
(154, 154, 154) : (93, 180, 161)
(155, 155, 155) : (93, 180, 161)
(155, 155, 155) : (94, 181, 162)
(155, 155, 155) : (94, 181, 162)
(156, 156, 156) : (95, 182, 163)
(156, 156, 156) : (95, 182, 163)
(156, 156, 156) : (95, 182, 163)
(157, 157, 157) : (95, 182, 163)
(160, 160, 160) : (96, 190, 154)
(160, 160, 160) : (96, 190, 154)
(160, 160, 160) : (97, 191, 155)
(160, 160, 160) : (97, 191, 155)
(161, 161, 161) : (97, 191, 155)
(161, 161, 161) : (98, 192, 155)
(162, 162, 162) : (98, 192, 155)
(162, 162, 162) : (98, 192, 155)
(166, 166, 166) : (102, 196, 159)
(166, 166, 166) : (103, 197, 160)
(166, 166, 166) : (103, 197, 160)
(167, 167, 167) : (103, 197, 160)
(167, 167, 167) : (104, 198, 161)
(167, 167, 167) : (103, 199, 161)
(168, 168, 168) : (103, 199, 161)
(168, 168, 168) : (103, 199, 161)
(172, 172, 172) : (100, 206, 166)
(173, 173, 173) : (101, 207, 167)
(173, 173, 173) : (101, 207, 167)
(173, 173, 173) : (101, 207, 167)
(174, 174, 174) : (100, 209, 168)
(174, 174, 174) : (100, 209, 168)
(174, 174, 174) : (100, 209, 168)
(174, 174, 174) : (101, 210, 169)
(179, 179, 179) : (105, 214, 173)
(179, 179, 179) : (105, 214, 173)
(179, 179, 179) : (105, 214, 172)
(180, 180, 180) : (105, 214, 172)
(180, 180, 180) : (106, 215, 173)
(180, 180, 180) : (106, 215, 173)
(181, 181, 181) : (107, 216, 174)
(181, 181, 181) : (107, 216, 174)
(194, 194, 194) : (119, 225, 187)
(194, 194, 194) : (119, 225, 187)
(194, 194, 194) : (120, 226, 188)
(194, 194, 194) : (120, 226, 188)
(195, 195, 195) : (120, 226, 188)
(195, 195, 195) : (121, 227, 187)
(196, 196, 196) : (121, 227, 187)
(196, 196, 196) : (121, 227, 187)
(196, 196, 196) : (122, 231, 190)
(196, 196, 196) : (122, 231, 190)
(197, 197, 197) : (123, 232, 191)
(197, 197, 197) : (123, 232, 191)
(197, 197, 197) : (124, 233, 192)
(198, 198, 198) : (124, 233, 192)
(198, 198, 198) : (124, 233, 192)
(198, 198, 198) : (124, 233, 192)
(200, 200, 200) : (119, 241, 194)
(200, 200, 200) : (120, 242, 195)
(201, 201, 201) : (120, 242, 195)
(201, 201, 201) : (120, 242, 195)
(201, 201, 201) : (121, 243, 196)
(202, 202, 202) : (121, 243, 196)
(202, 202, 202) : (121, 243, 196)
(202, 202, 202) : (122, 244, 197)
(210, 210, 210) : (126, 248, 201)
(210, 210, 210) : (126, 248, 201)
(210, 210, 210) : (126, 248, 199)
(211, 211, 211) : (127, 249, 200)
(211, 211, 211) : (127, 249, 200)
(212, 212, 212) : (127, 249, 200)
(212, 212, 212) : (127, 251, 201)
(212, 212, 212) : (127, 251, 201)
(214, 214, 214) : (133, 254, 213)
(214, 214, 214) : (134, 255, 214)
(215, 215, 215) : (134, 255, 214)
(215, 215, 215) : (134, 255, 214)
(216, 216, 216) : (135, 255, 215)
(216, 216, 216) : (135, 255, 213)
(216, 216, 216) : (135, 255, 213)
(216, 216, 216) : (136, 255, 214)
(217, 217, 217) : (139, 255, 217)
(217, 217, 217) : (139, 255, 217)
(218, 218, 218) : (138, 255, 217)
(218, 218, 218) : (138, 255, 217)
(218, 218, 218) : (139, 255, 218)
(219, 219, 219) : (139, 255, 218)
(219, 219, 219) : (140, 255, 219)
(0, 0, 0) : (1, 0, 0)
(0, 0, 0) : (1, 0, 0)
(0, 0, 0) : (1, 0, 0)
(1, 1, 1) : (2, 0, 1)
(1, 1, 1) : (2, 0, 1)
(2, 2, 2) : (3, 1, 2)
(2, 2, 2) : (3, 1, 2)
(2, 2, 2) : (3, 1, 2)
(6, 6, 6) : (7, 5, 6)
(6, 6, 6) : (7, 5, 6)
(7, 7, 7) : (8, 6, 7)
(7, 7, 7) : (8, 6, 7)
(7, 7, 7) : (8, 6, 7)
(8, 8, 8) : (9, 7, 8)
(8, 8, 8) : (9, 7, 8)
(8, 8, 8) : (9, 7, 8)
(14, 14, 14) : (17, 12, 18)
(14, 14, 14) : (17, 12, 18)
(14, 14, 14) : (18, 13, 19)
(15, 15, 15) : (18, 13, 19)
(15, 15, 15) : (18, 13, 19)
(16, 16, 16) : (19, 14, 20)
(16, 16, 16) : (19, 14, 20)
(16, 16, 16) : (19, 14, 20)
(13, 13, 13) : (16, 11, 17)
(14, 14, 14) : (16, 11, 17)
(14, 14, 14) : (17, 12, 18)
(14, 14, 14) : (17, 12, 18)
(15, 15, 15) : (18, 13, 19)
(15, 15, 15) : (18, 13, 19)
(15, 15, 15) : (18, 13, 19)
(15, 15, 15) : (18, 13, 19)
(22, 22, 22) : (9, 27, 29)
(22, 22, 22) : (9, 27, 29)
(22, 22, 22) : (9, 27, 29)
(22, 22, 22) : (10, 28, 30)
(23, 23, 23) : (10, 28, 30)
(23, 23, 23) : (10, 30, 31)
(24, 24, 24) : (10, 30, 31)
(24, 24, 24) : (10, 30, 31)
(27, 27, 27) : (15, 35, 36)
(27, 27, 27) : (15, 35, 36)
(27, 27, 27) : (15, 35, 36)
(28, 28, 28) : (16, 36, 37)
(28, 28, 28) : (16, 36, 37)
(29, 29, 29) : (17, 37, 38)
(29, 29, 29) : (17, 37, 38)
(29, 29, 29) : (17, 37, 38)
(34, 34, 34) : (23, 37, 50)
(35, 35, 35) : (23, 37, 50)
(35, 35, 35) : (24, 38, 51)
(35, 35, 35) : (24, 38, 51)
(36, 36, 36) : (24, 38, 51)
(36, 36, 36) : (25, 39, 52)
(36, 36, 36) : (25, 39, 52)
(37, 37, 37) : (25, 39, 52)
(41, 41, 41) : (31, 45, 58)
(41, 41, 41) : (31, 45, 58)
(42, 42, 42) : (32, 46, 59)
(42, 42, 42) : (32, 46, 59)
(42, 42, 42) : (32, 46, 59)
(43, 43, 43) : (33, 47, 60)
(43, 43, 43) : (33, 47, 60)
(43, 43, 43) : (33, 47, 60)
(48, 48, 48) : (40, 49, 66)
(48, 48, 48) : (40, 49, 66)
(49, 49, 49) : (41, 50, 67)
(49, 49, 49) : (41, 50, 67)
(49, 49, 49) : (42, 51, 68)
(50, 50, 50) : (42, 51, 68)
(50, 50, 50) : (42, 51, 68)
(50, 50, 50) : (42, 51, 68)
(45, 45, 45) : (39, 48, 65)
(45, 45, 45) : (40, 49, 66)
(46, 46, 46) : (40, 49, 66)
(46, 46, 46) : (40, 49, 66)
(46, 46, 46) : (41, 50, 67)
(47, 47, 47) : (41, 50, 67)
(47, 47, 47) : (41, 50, 67)
(47, 47, 47) : (42, 51, 68)
(54, 54, 54) : (48, 57, 56)
(54, 54, 54) : (49, 58, 57)
(54, 54, 54) : (49, 57, 59)
(55, 55, 55) : (49, 57, 59)
(55, 55, 55) : (50, 58, 60)
(56, 56, 56) : (50, 58, 60)
(56, 56, 56) : (50, 58, 60)
(56, 56, 56) : (50, 58, 61)
(60, 60, 60) : (55, 63, 66)
(61, 61, 61) : (55, 63, 66)
(61, 61, 61) : (55, 62, 68)
(61, 61, 61) : (55, 64, 69)
(62, 62, 62) : (55, 64, 69)
(62, 62, 62) : (55, 64, 69)
(62, 62, 62) : (56, 65, 70)
(63, 63, 63) : (56, 65, 70)
(69, 69, 69) : (62, 71, 78)
(69, 69, 69) : (62, 71, 78)
(70, 70, 70) : (62, 71, 78)
(70, 70, 70) : (63, 72, 79)
(70, 70, 70) : (63, 72, 79)
(71, 71, 71) : (63, 72, 79)
(71, 71, 71) : (64, 73, 80)
(71, 71, 71) : (64, 73, 80)
(74, 74, 74) : (69, 78, 85)
(74, 74, 74) : (69, 78, 85)
(74, 74, 74) : (69, 78, 85)
(75, 75, 75) : (69, 78, 85)
(75, 75, 75) : (70, 79, 86)
(75, 75, 75) : (70, 79, 86)
(76, 76, 76) : (70, 79, 86)
(76, 76, 76) : (71, 80, 87)
(81, 81, 81) : (69, 88, 95)
(81, 81, 81) : (69, 88, 95)
(82, 82, 82) : (70, 89, 96)
(82, 82, 82) : (70, 89, 96)
(83, 83, 83) : (70, 89, 96)
(83, 83, 83) : (71, 90, 97)
(83, 83, 83) : (71, 90, 97)
(83, 83, 83) : (71, 90, 97)
(81, 81, 81) : (70, 89, 96)
(81, 81, 81) : (70, 89, 96)
(81, 81, 81) : (70, 89, 96)
(82, 82, 82) : (71, 90, 97)
(82, 82, 82) : (71, 90, 97)
(82, 82, 82) : (71, 90, 97)
(83, 83, 83) : (72, 91, 98)
(83, 83, 83) : (72, 91, 98)
(88, 88, 88) : (79, 93, 106)
(89, 89, 89) : (79, 93, 106)
(89, 89, 89) : (79, 93, 106)
(89, 89, 89) : (80, 94, 107)
(90, 90, 90) : (80, 94, 107)
(90, 90, 90) : (80, 94, 107)
(90, 90, 90) : (81, 95, 108)
(91, 91, 91) : (81, 95, 108)
(94, 94, 94) : (85, 99, 112)
(94, 94, 94) : (85, 99, 112)
(95, 95, 95) : (85, 99, 112)
(95, 95, 95) : (86, 100, 113)
(96, 96, 96) : (86, 100, 113)
(96, 96, 96) : (87, 101, 114)
(96, 96, 96) : (87, 101, 112)
(96, 96, 96) : (87, 101, 112)
(100, 100, 100) : (93, 100, 126)
(101, 101, 101) : (94, 101, 127)
(101, 101, 101) : (94, 101, 127)
(102, 102, 102) : (95, 102, 128)
(103, 103, 103) : (96, 103, 129)
(103, 103, 103) : (96, 103, 129)
(104, 104, 104) : (97, 104, 130)
(104, 104, 104) : (97, 104, 130)
(110, 110, 110) : (103, 110, 136)
(111, 111, 111) : (103, 110, 136)
(111, 111, 111) : (104, 111, 137)
(111, 111, 111) : (104, 111, 137)
(112, 112, 112) : (104, 111, 137)
(112, 112, 112) : (105, 112, 138)
(112, 112, 112) : (105, 112, 138)
(112, 112, 112) : (105, 112, 138)
(108, 108, 108) : (96, 114, 138)
(108, 108, 108) : (96, 114, 138)
(108, 108, 108) : (97, 115, 139)
(109, 109, 109) : (97, 115, 139)
(109, 109, 109) : (97, 115, 139)
(109, 109, 109) : (98, 116, 140)
(110, 110, 110) : (98, 116, 140)
(110, 110, 110) : (98, 116, 140)
(115, 115, 115) : (102, 120, 144)
(115, 115, 115) : (102, 120, 144)
(115, 115, 115) : (103, 121, 145)
(115, 115, 115) : (103, 121, 145)
(116, 116, 116) : (104, 122, 146)
(116, 116, 116) : (104, 122, 146)
(117, 117, 117) : (104, 122, 146)
(117, 117, 117) : (104, 122, 146)
(121, 121, 121) : (102, 129, 148)
(122, 122, 122) : (102, 129, 148)
(122, 122, 122) : (103, 130, 149)
(122, 122, 122) : (103, 130, 149)
(123, 123, 123) : (103, 130, 149)
(123, 123, 123) : (104, 131, 150)
(123, 123, 123) : (104, 131, 150)
(124, 124, 124) : (104, 131, 150)
(128, 128, 128) : (108, 135, 154)
(128, 128, 128) : (109, 136, 155)
(128, 128, 128) : (109, 136, 155)
(129, 129, 129) : (109, 136, 155)
(129, 129, 129) : (110, 137, 156)
(129, 129, 129) : (110, 137, 156)
(130, 130, 130) : (110, 137, 156)
(130, 130, 130) : (111, 138, 157)
(136, 136, 136) : (116, 140, 164)
(136, 136, 136) : (116, 140, 164)
(137, 137, 137) : (116, 140, 164)
(137, 137, 137) : (117, 141, 165)
(137, 137, 137) : (117, 141, 165)
(138, 138, 138) : (118, 142, 166)
(138, 138, 138) : (118, 142, 166)
(138, 138, 138) : (118, 142, 166)
(142, 142, 142) : (123, 147, 171)
(142, 142, 142) : (124, 148, 172)
(143, 143, 143) : (124, 148, 172)
(143, 143, 143) : (124, 148, 172)
(143, 143, 143) : (125, 149, 173)
(144, 144, 144) : (125, 149, 173)
(144, 144, 144) : (125, 149, 173)
(144, 144, 144) : (126, 150, 174)
(141, 141, 141) : (126, 145, 175)
(141, 141, 141) : (127, 146, 176)
(141, 141, 141) : (127, 146, 176)
(142, 142, 142) : (127, 146, 176)
(142, 142, 142) : (128, 147, 177)
(142, 142, 142) : (128, 147, 177)
(143, 143, 143) : (128, 147, 177)
(143, 143, 143) : (129, 148, 178)
(151, 151, 151) : (135, 154, 184)
(151, 151, 151) : (135, 154, 184)
(151, 151, 151) : (136, 155, 185)
(152, 152, 152) : (135, 156, 185)
(152, 152, 152) : (135, 156, 185)
(153, 153, 153) : (136, 157, 186)
(153, 153, 153) : (136, 157, 186)
(153, 153, 153) : (136, 157, 186)
(155, 155, 155) : (132, 166, 175)
(155, 155, 155) : (132, 166, 175)
(155, 155, 155) : (133, 167, 176)
(156, 156, 156) : (133, 167, 176)
(156, 156, 156) : (134, 168, 177)
(157, 157, 157) : (134, 168, 177)
(157, 157, 157) : (134, 168, 177)
(157, 157, 157) : (134, 168, 177)
(161, 161, 161) : (139, 174, 180)
(161, 161, 161) : (139, 174, 180)
(162, 162, 162) : (139, 174, 180)
(162, 162, 162) : (139, 174, 180)
(162, 162, 162) : (140, 175, 181)
(163, 163, 163) : (140, 175, 181)
(163, 163, 163) : (141, 176, 182)
(163, 163, 163) : (141, 176, 182)
(170, 170, 170) : (148, 179, 199)
(170, 170, 170) : (148, 179, 199)
(170, 170, 170) : (148, 179, 199)
(170, 170, 170) : (149, 180, 200)
(171, 171, 171) : (149, 180, 200)
(171, 171, 171) : (149, 180, 200)
(172, 172, 172) : (150, 181, 201)
(172, 172, 172) : (150, 181, 201)
(173, 173, 173) : (153, 184, 204)
(173, 173, 173) : (153, 184, 204)
(173, 173, 173) : (153, 184, 204)
(174, 174, 174) : (154, 185, 205)
(174, 174, 174) : (154, 185, 205)
(174, 174, 174) : (155, 186, 206)
(175, 175, 175) : (154, 187, 206)
